300.0 100.0 100.0 4.34782608695652 0.0
305.357147216797 100.0 100.0 13.0434782608696 0.0
310.714294433594 100.0 100.0 21.7391304347826 0.0
316.071441650391 100.0 100.0 11.5942028985507 0.0
321.428558349609 100.0 100.0 15.9420289855072 0.0
326.785705566406 100.0 100.0 31.8840579710145 1.44927536231884
332.142883300781 100.0 100.0 49.2753623188406 0.0
337.5 100.0 100.0 44.9275362318841 0.0
342.857147216797 100.0 100.0 37.6811594202899 0.0
348.214294433594 100.0 98.5507246376812 18.8405797101449 0.0
353.571441650391 100.0 98.5507246376812 23.1884057971014 0.0
358.928558349609 100.0 100.0 17.3913043478261 0.0
364.285705566406 100.0 100.0 36.231884057971 0.0
369.642883300781 100.0 100.0 27.536231884058 0.0
375.0 100.0 100.0 20.2898550724638 0.0
380.357147216797 100.0 100.0 28.9855072463768 0.0
385.714294433594 100.0 100.0 31.8840579710145 0.0
391.071441650391 100.0 100.0 18.8405797101449 0.0
396.428558349609 78.2608695652174 36.231884057971 0.0 0.0
401.785705566406 100.0 91.304347826087 0.0 0.0
407.142883300781 100.0 100.0 2.89855072463768 0.0
412.5 100.0 100.0 4.34782608695652 0.0
417.857147216797 98.5507246376812 53.6231884057971 0.0 0.0
423.214294433594 100.0 100.0 8.69565217391304 0.0
428.571441650391 100.0 100.0 20.2898550724638 0.0
433.928558349609 100.0 100.0 37.6811594202899 0.0
439.285705566406 100.0 100.0 23.1884057971014 0.0
444.642883300781 100.0 100.0 4.34782608695652 0.0
450.0 100.0 100.0 7.2463768115942 0.0
455.357147216797 100.0 100.0 8.69565217391304 0.0
460.714324951172 100.0 100.0 13.0434782608696 0.0
466.071441650391 100.0 100.0 17.3913043478261 0.0
471.428558349609 100.0 100.0 34.7826086956522 0.0
476.785705566406 100.0 98.5507246376812 14.4927536231884 0.0
482.142883300781 100.0 100.0 18.8405797101449 0.0
487.5 100.0 100.0 1.44927536231884 0.0
492.857147216797 100.0 98.5507246376812 10.1449275362319 0.0
498.214324951172 100.0 100.0 5.79710144927536 0.0
503.571441650391 100.0 100.0 2.89855072463768 0.0
508.928558349609 53.6231884057971 4.34782608695652 0.0 0.0
514.285705566406 78.2608695652174 20.2898550724638 0.0 0.0
519.642883300781 100.0 100.0 50.7246376811594 0.0
525.0 100.0 100.0 39.1304347826087 1.44927536231884
530.357116699219 100.0 100.0 100.0 31.8840579710145
535.714294433594 98.5507246376812 40.5797101449275 13.0434782608696 1.44927536231884
541.071411132812 89.8550724637681 36.231884057971 8.69565217391304 0.0
546.428588867187 100.0 79.7101449275362 20.2898550724638 0.0
551.785766601562 92.7536231884058 71.0144927536232 4.34782608695652 0.0
557.142883300781 100.0 100.0 50.7246376811594 0.0
562.5 100.0 100.0 50.7246376811594 0.0
567.857116699219 94.2028985507246 88.4057971014493 57.9710144927536 0.0
573.214233398438 100.0 30.4347826086957 8.69565217391304 0.0
578.571411132812 100.0 100.0 79.7101449275362 0.0
583.928649902344 100.0 100.0 89.8550724637681 0.0
589.285766601562 100.0 100.0 50.7246376811594 0.0
594.642883300781 100.0 65.2173913043478 10.1449275362319 0.0
600.0 0.0 0.0 0.0 0.0
605.357116699219 0.0 0.0 0.0 0.0
610.714294433594 5.79710144927536 0.0 0.0 0.0
616.071411132812 100.0 100.0 28.9855072463768 0.0
621.428649902344 100.0 11.5942028985507 1.44927536231884 0.0
626.785766601562 100.0 100.0 86.9565217391304 0.0
632.142883300781 100.0 100.0 44.9275362318841 0.0
637.5 100.0 94.2028985507246 14.4927536231884 0.0
642.857116699219 89.8550724637681 2.89855072463768 1.44927536231884 0.0
648.214294433594 100.0 79.7101449275362 4.34782608695652 0.0
653.571411132812 94.2028985507246 92.7536231884058 26.0869565217391 0.0
658.928649902344 94.2028985507246 40.5797101449275 0.0 0.0
664.285766601562 81.1594202898551 1.44927536231884 1.44927536231884 0.0
669.642883300781 100.0 100.0 13.0434782608696 0.0
675.0 100.0 100.0 57.9710144927536 0.0
680.357116699219 85.5072463768116 5.79710144927536 1.44927536231884 0.0
685.714294433594 100.0 63.768115942029 5.79710144927536 0.0
691.071411132812 57.9710144927536 28.9855072463768 8.69565217391304 0.0
696.428649902344 0.0 0.0 0.0 0.0
701.785766601562 0.0 0.0 0.0 0.0
707.142883300781 100.0 28.9855072463768 2.89855072463768 0.0
712.5 100.0 60.8695652173913 33.3333333333333 0.0
717.857116699219 100.0 78.2608695652174 5.79710144927536 0.0
723.214294433594 100.0 23.1884057971014 1.44927536231884 0.0
728.571411132812 100.0 100.0 27.536231884058 0.0
733.928649902344 76.8115942028985 28.9855072463768 5.79710144927536 0.0
739.285766601562 100.0 7.2463768115942 0.0 0.0
744.642883300781 100.0 53.6231884057971 1.44927536231884 0.0
750.0 100.0 98.5507246376812 69.5652173913043 1.44927536231884
755.357116699219 100.0 100.0 73.9130434782609 0.0
760.714294433594 56.5217391304348 13.0434782608696 1.44927536231884 0.0
766.071411132812 100.0 78.2608695652174 1.44927536231884 0.0
771.428649902344 100.0 100.0 88.4057971014493 0.0
776.785766601562 100.0 92.7536231884058 72.463768115942 0.0
782.142883300781 100.0 100.0 8.69565217391304 0.0
787.5 100.0 100.0 52.1739130434783 0.0
792.857116699219 52.1739130434783 24.6376811594203 8.69565217391304 0.0
798.214294433594 100.0 89.8550724637681 47.8260869565217 0.0
803.571411132813 100.0 100.0 78.2608695652174 1.44927536231884
808.928649902344 100.0 100.0 86.9565217391304 0.0
814.285766601563 98.5507246376812 79.7101449275362 40.5797101449275 0.0
819.642883300781 100.0 100.0 92.7536231884058 0.0
825.0 100.0 100.0 100.0 1.44927536231884
830.357177734375 100.0 100.0 85.5072463768116 0.0
835.714294433594 100.0 100.0 97.1014492753623 1.44927536231884
841.071411132813 100.0 95.6521739130435 71.0144927536232 0.0
846.428588867188 100.0 100.0 89.8550724637681 0.0
851.785766601563 100.0 100.0 88.4057971014493 0.0
857.142883300781 100.0 100.0 86.9565217391304 0.0
862.5 100.0 100.0 85.5072463768116 0.0
867.857177734375 100.0 100.0 82.6086956521739 0.0
873.214294433594 100.0 100.0 72.463768115942 0.0
878.571411132813 100.0 94.2028985507246 13.0434782608696 0.0
883.928649902344 72.463768115942 72.463768115942 43.4782608695652 0.0
889.285766601563 75.3623188405797 73.9130434782609 57.9710144927536 0.0
894.642883300781 100.0 100.0 30.4347826086957 0.0
